$ANSIBLE_VAULT;1.1;AES256
66653937343833356566356666336637366331333564306332386636623066636530343931366135
3837343638313238363861383462376434303630336234310a643634646464643866316366373338
37626335346261306536393830613437303761663463383530313466663736383836353566336332
6361643230613136300a616637323562626633643862636231633237326665633934613434326166
36316465323930623965343933656435613764323939643662346363313564623530343964616136
65373336323666663137636566303632626433353362396566626432616566373262313738373239
30613330623237616231663430303537363263353635373639383935386465663139356630613865
30363032313264306536373661303061303562363633396366663666663638363862666465616162
66333463623034663364323135363934333133386238623965333637383263646665356164616433
39636338656131386535626531363161646139653330313565363336633333376263363934653165
39366638613864343066666133623966616431393334336538613765343031343865333235343063
66363437373937626333343837373833646638313939643336343566616530376230353461616335
32616632376466366563633231303462643937356436393463343339343231663431376266326366
30343536653864323536303062623966643632623163356234623833363365366264653963336230
35623062656662333839343734623561336231376466663931656264393930333465383265643237
36343666643836323964353034633936386138396566383362646161376536646231346331626561
33653731316562613266643062633434383136396339633161326337613932373861633366393561
65353339303064323766643638323765366532396435626234336633303033653639386537666333
37343564333339626633616131323135396464363333336666383034613231353033653662656665
37653863386233376435663062316564653539313966383734623164376439393039343038313538
62343231646464333537333238656463616235363637333034663063366536366564346266343233
35636133396639663738393436363833343866383330303263343332303638396531616231386332
33363136376630323830306436313432383861303430616364396366663661396332363063333431
32363237303235393339393933636131643135636463376466646535396263623936646538363734
63663865666465343264346663316239623263373761623132376437663436396535333463663239
31373162316534353663663662653263333132343032336364643234333437376335633436326637
33636531626465346630653462663032333135626162613736353633633139623931353339626336
61343262343466306436643934313638373639636633333962343366636337303734383062373937
65666638356235616562336263393338626631663034353937303162666335623537663231633165
32313463323131636564393465646161663464333430656330333964383939643437396438343135
35616435653030613666366430383836626362636639316231633864326437613564626662643435
39636132383931303061373732376534346136613039316239303432383139343734346332393435
33336364303665633963613165376232326135366436633163316333356463343238356234646232
31346636623634636464323266393132353966653730316462343138333939646537333663336164
64353732376565643935313639613564376234366638666533616133356662373932663633353137
30333232656264386565383037333634323532336636363736336330613633616361336332323632
38653639386566396630616239633133646632643432343338656365333665626562323836386661
63306634313332363261353134303331313339323639633130323734363862353365346262383566
66646132373761633664646631633234666266323665306465643132386462306163646431346366
36373335616435616364303338656631656666393737373337343930333037376365383730616633
63636361316530346236663737376237373933356362346335356436333363633263343134333932
39343638633435643136666565623832353433373931316362373832326230633965346533346535
61326135646330356235323734376431643930616434333632376230333638646362313862376636
33333266373563633463313738363131306539653861613034356665313061343665366330323338
39626664333332303266666631303565363233626166653465353965333936653232396138623335
34393561333563323863386230643465653035616666613737313763356330306463623561653839
37656663393436643562353664306136656232333864336334666666353930356563363330613036
62333562393162396464343235373232363236306563643062633531356330366337366462323531
34353236626331646665613261643736636539383363353531313638643866393862343664326264
35336435666232346363386132386533353162343831623665363034366664626465316334323339
66363662623634663832656262343234663561363334636464653833353434386631363338353833
63646262376663303462313933303130613439636534613738343736363236386134616163626335
65653335353337333735333630386531353433666365663062353464653739373033356133366133
32646465393232373935616437366530376539636263366262623138346437643033643834636661
33613263616135613635643663393336393934346365373932646433633164343333306234653836
38616365303835656565353961303763313330353533393933333763326337396566613862636332
36303635616236393233383664613535383962393761613337613630626335376264663234366238
38633764323130356439356631666335653239316534656366363735376165653063326533316563
32303063363437303062333739643338323531323439666134386165323034366639633935393735
32316365343635663832376337356234336431623962623937336533393033356434343334396566
64383137653766633030343265313665633861663139353764643737313031663031633932613862
30643935393735333366343364343661326165326564353834373466316464306665623132343939
30616438353234303765376265356232653733356264656232383464393739323032356661636433
30646466303337626135383339663334333963326265663938646532363836373861386563313037
31633163323234326163616637623564363161393662363865616235363938373233666235386563
34363331313639653332333230353836653762623065393966636661616363633366343165386132
34336636613239383766643964396236663464656131316664636134396637616334623330353638
62383538336630373930613339613961663266346239613839343961633765353635363830636433
66653362323536376231386663383563646661633634343834633261376534373035386530336239
34643334653034663637666237386533373562626637336666343636623738396533633838346262
31393062653539383263653462353363663437633465373237616138303365363431323532303765
63613139633465633663316539306539313932613966336662383065343533343738613034366331
38333762323239363431373334383232313733383664353232626634626437623235323962616364
30343730643037326432363136356430386334666361636437323862313732363731356436633533
36646637663763353831373765316337396435313666343539303862366637323139643061303562
64663732393863663564343232343239373035383037333936346234346333303338646436333964
30643939386237336361336363376435343065373531306266396365653361643932633966663136
33336536313839653334306261626164376431333738626334343135353036653463663265383465
62373338383530343961303030646536616665316161373531336338386537303963313763666339
62653363626137343965393037303262633834623261316434333161333763623431616234323061
34643434383135306261313066363639323033366464653166613761623665323537613337376664
61633634323834313231373834653034366131643738313834323731313234663232363266626238
36613861646632376631333738666362303935316333396239663865643134666537353164336162
33346231326533656362313932353233323262616336626132616234323433646132636436306136
38353837623033383239623832646638646139353833643034653739663066626139643166393261
35613236623933373237623034363436393633393761626661336462386264333336326236306464
36653932313833646439613966363339366230363066353439333030376332313166363938633764
63306231303936313465303363616266346361613237346532383936333963663234326561363231
65333337626636346538343036303863393537643332663232653130633634336634353064636230
65633961323531643064363733363033633864363234353231626165656463643739663462663665
38353933393136646132643762376636373964356332356634633064636238383266326665393566
32373735333334646462653861366362333230353765393162393266373233303663376663346332
65643463363362323961313063323833343735626331303063396632656262393163333335626166
30306438376665613033383363386135356634666132343461346536356335333966386635623661
62623331373063643065643032303531353330636464643861336637666233373339653063653934
35333563333963336465333962633665666436613662343138363734633539353963396333343662
38313765366437646464643332646433653234303939646235623438626565666639643331643138
34313666396462366139383466353766356333373134333130346663656634653133346534363362
31383362396534636361313730656165383936383038396263363562376163633136623661636531
62343236373032326139643333663930646363333037653730373864653265663732663863316166
65393730666132386433643165363063316331323364653735336535316365366130363633303133
62636464663766656166313837333164313731343066353739613334613837366166656561633966
34396633323332613738346563366534663764313762623264666436626131393539323161643134
30613061366336336232313432656265613338303039666565386564346564306638636537356331
34636234373630383563643639363062316336623666663331393830656461616136326530353364
61346233663038333437616534346166323734323136336333303639333065346564343461323734
34626630336138386562326662643632316438383030393962316631333939316466653432393936
38323536363664653832303730646534663639343731656162366439623738333837363037666664
62633066666632643162633034353330613032376432303865373864306134346265386537393832
33323063303665373130656338633136396437653433376333623630373636343335346562383232
66366365393233633566363363363137346362653432336436616166383536346139626564653134
32386239373464636465393461386361386465376431616361373432633864353562636532643865
61656535316666353131333834323437636333303365653133653939633766343061326330383962
30303831383931646263323436363066373835303363386362393261663538326565353136663064
63353531623561626337333562623832623633316336346330306332323262636565303261646261
30353663333138346535353738613933386135323131636331633132303463336437393833613732
31363538643432323937303962643032326131306535363536353536633832363838353934643430
63616433376536656663336236373162393766366233346635666636613339313234633461343733
64666231636237653663656131333931393361383939366335393038303836636461396237386466
62333830646339383565663439343666353839346338373632646538616662313532383136623064
38303261633330646464356164656465656162386530623035623736323434653637396563343030
39373539393333316137393665336566636136346362653732363531626531653335313238303363
64353063303832366135326136663135623737663235333833393332646566663464383663623233
38346631663566663535633462626634313461623733393139313961646164363237343966343664
32316534643534636663663339663866393638383363393638666332643334313966346164633866
62383434353739373032373530383738653364646565306561303034663237393233636562383931
36646238386266633438386333643035313938323638643330623761666262613231373039316363
62313836656236666330626461316230303461323531366538643864386436653662303136333064
32363931613063323065636334323739313734353539343363613836373531383166346561363632
39396636316365353131616135313634396364613736373532646439623963353864383135376665
65363332373233346439616464373931656336383539653935346633643161363065663836376434
30336665326163653137633163353836366463353634643536343562656438396161303337623233
32666131306633313165326436653033346433303564633664623762336437393739613531323933
37636666363464316430376163343432636531323664633832393038626535376538303864306362
38306538383237613437656338336666653832613062653938376436666337383661376664393631
34363736366263656435616630636561623463646565616461623533646132626138346536386136
36396539303534303963383836353538366461616336313231323030393839643261353365613964
30353866303135616261323638623039393233383763623436323561363230316638613161653961
32303265343766376637636633356439656330636562316263613030386463643439303136636336
63636537383638306664326137303731346664373235313637336338396233393337663331373562
65393961633561643335366433313562393932373033353439663839346664653437653732383366
35653835363836333733633762363635356336323136343936623239323034633136636130663663
35633639653833306564376631373634626264363938656631623035383963346539313864636431
36303538663930333966346164343538313131343534616263366231613962633738336534326536
32303739386364353731343964326562646666393739613938366337323361343763663431386666
37373734326439636466323438333634373133643533656361643365333333376330323230303531
30613232313766323930356238303562326664353431663331303765643466643364323162663463
33666361363533613266383162616635386436306134323566373534323135626137366565633466
63356334383665653532303233656666386430633561303430646330333037316135376434636539
39313730373561336230613435333462316337653538396638656238303961313535636663346263
37316134383931626535326430393764613838653765396231376665633134643965626330313762
30646139353363616132393138663331653238663839626134306464623462626565343839623265
35313432653735643630626463643034656232333932666661633739303365326433326530343064
65333966323434663434663838313730373361376264393936376537613933373461346531366161
37303230646633376437616637313264313631323561653836343162666265626339386561613961
31343761383531616263366537343638643238623735353032306631313363636661393234303439
35653733396464353335386434653839623034333235393264636239303636316463303362313433
35356430643566633165643064383461393637356132616363306636386438623361656430306435
32303337346535363064363432636665306534663032643539626162373763343565323830646534
62386534346236333837323338656436373332376434383630326135363463613736623332343761
64616661393364323365643236393839323638623061323536383565333864353130653030313332
32363337306535653666373265323862383737383435373130346530306337313763326466366336
30343738346535383936326266396263393930653238373433636639616631653664366239353636
35626238633236303833623835643663666439353336623430623038333962363333333033626166
66353237396130636435653265353039646639313361326263383938363565336430613965323630
31643735653766366632646238643630623734666562366431653866363165653931373237636538
35383362386333353731376336356435373732646631373634376336386365626163313731363931
61616263363565363964613762326437633831333434633634656131643664346439373264646665
63393632373138316331643264663066656430323438306666323839376363353863643965646632
62313163316531353566333435383161663833313365653932633162653862363231336536353532
36653231663430653534396233643866333566663438353065373464633935323330373364633132
36623964353238616632653634306538396633626664363366306561666265353866323939333365
62336236363839326634376261646266353634316639313433306533393763323533346661373239
39303033393865613462313839376365646236306463663839613931666164666437663831633561
35623836623664623630616531383662613165373236366565346238373061663262343263633962
65346533393861353636666664373736656335633430366230643564616234656339663465396133
34353661383536383836356262653634383961386531383932313539346566646638313538333163
37376134343038653639366439653839313064653031613664643635373831663865666635663765
61663235313163303631333530353037353764323762623934383039666232323333653465656365
32666135656433356666636336663130666435306531323030373266656534326261303864636338
65373137653364386633636232373765316138343866326135656235333661383039353262333839
66313666653133383138323964623837323161343937623935386466336664643836353862633331
39656336663431363036323433646165303030386564333166623161313938613562383034386635
65306234376331343439306437663563656464616338343339656633633434343965653766306534
35396262653639333039373730633934613766383932373865396532653930666335663835616533
31636332313534393263363635386661383931316362633034316137636563383738623130336465
65363361306138393634653038323862333766613964353462666437633439313435306332623965
34383533393438666135353537333536313763646131636638623666316666393134393435353265
33353764353231646566633634353737643664376637373034376365333633346234623336366633
31653838306365343162353330393561373564313563653361383062386133396663646362373762
33303039643930353039643834336261393032353830363234306565373038663635313930623338
65643230326261346637303765613333306666626431383361656633313936376565393866663932
36303734343930366533656466316332346230393437366433383864306536386562663061333136
64353636386262613734333338316263313664623230366566373238366163373962313265356132
38663964356336303365393635343936636536353933363333303264323563613434356331396636
32346366343962396430623632313838363332383339656162343965343732316534623362376136
63356363386465383562383237623233633639663764326565316131643266663665353739326134
61396433383936333566666265366261663136666238646637323961323666366139383363393936
32613963396562643034313066336666303537366363366432666666336332376535643136323435
64616539663465336135386433333832656363366532633434306339326363333837353730633264
63633665346666323862306165623436323638623266653930616162353836353066343266363934
62373462376462643430373165333436386366386433353062303862633736346461656661663935
31636131656663646262396530306362356336373636323835323333396131313732333534353965
37393635373261363838626166646438303238326630663637306562303264396464326133343933
33376135316663333034633638333930306233653064393166326638633435636666633631646266
37303363663261353761316630653935646630646565633238303739633837326138663739326531
33383266356539356330343164356134336332643335613431333764666531623364333332353632
39633864613661376534356561323862333638396231353038666336353431366533666133343062
37613164633032346632383362653163646632666437623234313463613166306564396230663938
61653036333838366631363430663039356566323166623963316632633531363262376265323964
33623939666437643063346332336464313431343735303361383631346136356663653263373034
39386139393631336439303766333136643863646164303635396264393964373335363030623166
65643066393438633065323162663032383633373865636462346564663064303662636536393333
36396539646232346165396230303163666638306635616366356661656363653163363661316530
64653763316539353463333761616461363332373164333237366436386362363739633439623331
30383864383532636438383236613466303966396663363263633638653864323966396333386138
32666230633839633835386462393666623061353430393666323930323736353137646462353337
61666139636136623031323533353430643037306365303464313462613863366337343632623664
35393838383336623164656137383335623135333333626631663034363834326662313362323438
35383732373464323030396333326261323664643336393638393137633834656132613935376261
66623037393762656165353637333730303438653463343033396238623931343835656437356536
37366461663864313933313961303133363530346366666663383630333639633832323762376434
63363938376262336636663432393363326662386332656534323430313830653938333863336630
39636237323634303962343532383166623965306339313633303934336663616166313765383663
36626332353234626465653261623539656631653266316436393138323333343462306333333332
64343861643865633663633532313463353831303166663035316333383864623331663633633066
34366432313937303835396533343162323338393066336135653532613839646632623435353863
65313166636261363537656532343062323161303234303838336335303735313232333537396365
30663561303262336438613737346264666430646633326232626564353061323466623339336334
31626333633133373837353230646166656430376464333064383336333663336566353637643032
66356236623562316161643165333333623431386339626661383131626236613032616331373332
62323730663264303261356630616263633366666463393162353962326564393733636363366264
37383632343265623465353039313661346232653262303034663433396464316264666366366161
39643232663135366330656238316135636563386132303161623332396431373734313936653565
65333831653231666438663066623762393961636331306439666333613435623365366331623131
64333865316639613733643163616232373861613532303862326266623333653264343166323565
37623464613235643436383537323339393266306164356163623932616630313333343030313131
38303933336533636563356130323964343635313633353334323465366565663064323964656638
37323633323738666565353936383233313933643766383464303263366139646462316639376137
34333235353131303664653432353765366230393962386235373131343035616563613835633962
37303436326134623830306566623538646234633235363134303262366238306132333133666537
30393539346339653037643635613034323663343134616430393661383265633733616466316533
62613033343734343937353862316530633866326264613736356236346235343431663664656636
33376166386236366232373435336136373236386433326563656230313733343638646130376666
32393662356134336135353939626632643636356564353562363538353437353063366239636431
63613237613535343832393636353065313932323066353663373034343136343862333233636663
63623436663539386661656330306435393561616435633665363734363531393237666465326366
66633033393736643035336132333666643236633032626230303366363262613737323334373863
65633330353263646231343766616231646136376439363533313365396664373634353731643132
64303738633636643162373733656563383263333931653064396334653731653765613861383066
62616563363462333435663832633730366263303130343836646137393564343866616133663163
61313966623534353333373334356634653761356635643762316566383532656534373737623039
38666134323962313862643165333830633232653166323264303863633762353963343861306264
30613230366634303138346339336366366533303030303234393338306566623763363864633730
39313062626336396432306238633738623431326262303564376439323031613162653166376166
33666434313438323433366266303765666562636335363032646263363230663763383362616230
34313665613837613036333030336439356334393166393761316336343837623665633731323239
39663066333932633533653833323532356639656531326562303734373435666234383030376336
64323065623261613130306339643231343063353032653932653966613837313334626166393833
35363637646132636463656263383835353430383135376230636437326164363534363330343163
35663966616665383336366262323966346435333335623637636465663135383530396139353937
37363861663835373665373833323738613638323939346232396561666434613630306330383465
62633062393761613265343430353064363433643133633838313762343164616461346331633063
37326462663535633565393036613465383836366539613833353935366533333462633332343831
37313061646634666638633934356134616533366335316237623438653335336638656137303538
33396264303331363839333366306639313338366161353062643038663461343036663233663666
39336137323165663931383461323235636565633963303534363436643261663964323163613037
34353638623739343466306331643138353162393732303830383262346230336339383062653736
36663638613164363236323539656231653639336535353538623538376431343636386639323863
30623963626333393463386466373466323836323864663531643436373633383137343736353061
61653139613662396261626665633466383764653330653163363039343363383538633634656164
33356437386339343537306439623065363939353266613735643462376230393331636431393930
66313334396165303033333362663433633366663932303738663738373161646631346230333766
34313864353739653737623734613934393532303234373339326162333265363338663863613739
37613639336236353264373365656431346565633965363964623061316530326265623363306333
32366136326533653861333363313332636363383132633835393639653761643065393961633963
31323336336533316561616165613032313933323936633035623964363531396234613066326134
62666264316163346432376334303861336637366165623062313735333237663634303435643064
63303165333764333836316633363632376662306636316566353739646137326338333662303533
33663336323161636533376434613435383036643736366565643038303761396534626537636232
61303338326439643065383264316666376631353465613066383065343563626630306265303534
38376438323131663333636136313731633365336632623461643161333233313266366231376466
63383531396362653337656432623736386666616533656235396235303861626431336130363631
33333532666636613365326637643132626465353361623535376537356261663462626635376235
62303034336562316135303066366434383762313338616565316234356565333666653065613465
30663663366338336535656563663039656430353338343934333230666437303061363036343731
30343639383435623437663834303639613538333564633338653139316162346135666336386135
64656462616337613739656135616334653832353933303865313237316663346139663334613862
39303633653664353461623937393732373936383263333662636166663633343663663735633936
36316633396563326135333163346135386331393434353336323431303233336236356437613930
32363736333361336133323564353864663262336662323931643365303661343537626161333834
36633735633732376166353734373034333534356138623765626130653235373038393031356665
38353563643739303264376464663636613232306665376539306661666139653233306638323237
34613436363164343930616331303839383036363930326130623032346237663665353734353331
38613066626238653161353364633830663163643730343238323637313534623962323461613361
36386334636234326362316334343135336339306332636165376537653231626438613437346263
37326631376334326334323766303561663364346261323636353463386232323364333061353735
63343235346563363731663163613631356561356234316265353936313663323532393436323863
36393930663930376331663161343731313764346538303632383234363362313932613133383138
32373466666538643835373561353439643037663831613330623264656566393537356266333262
39393265383033333237613464616337616462363232623930313130316233303361333231346139
33333433653532383731323362623336323065633538366462313166326530626239383230623461
66383266303865393264616364633839326163343132343638303861346236656238616634333437
31636563643835346130343037373733663530653563383166616364633034383361316539353764
31396330336233376230336534316662376566626564326466396438336331383564373430333834
31636361616363616231633730396464343737306533313937653834366464346164326564373663
35366264336235336230663537383265316239663265376533616161353331303464306238343032
64323637383738303239346331643036663461333438393464643863646335396338653336326363
33373338656534666230333063333065373138343031613934343865303338393236306437396137
63323437393064393262383161383663376536303565376264386530373934666133313365313462
62396639613064633232326261376133373034313461366465386164636133313866313932666364
64396461366636376261316139653431363135383062663332323637623362656137313263376334
65316438666264653633383039643637653961346465626439653035623631353330653262626233
32626237633230323461663033636533343363386565363530383461383464326461373731336366
32633834383764613235343738376366663762303438653135396537663737363461626635316665
64653362623834656531633835323161616339653031663034323966373336666435653935623930
66656166616633626162663366636130343334396230666564383262393461646165646132376266
33626130626332353262353935353364383036343432383062633262306537663237363135366264
37616639396336363231363737653461383338376264373261646365373061313566623534653438
62386661393737316537386239636331346566393736626463326165336234383638356434323438
37663733383735333833643666393332343066393564393937386439333463393932343134383733
34653333363532353032616364383331306630353063656334393938666662643235643137303861
61366138646433613732303339396435303838353562336639363335643465633031323965363762
33343430633237663433646665383337643939336235363364646666333035376535643636633134
31323439326638336432303830646264343939356432353064326263363631313530306335326565
36626133393665323638303566663963656262646162663464323839303161363965386261323365
61666635346137303061356135663564323464393966646238396363316436313330613864616364
64303034383561356432333763333030636631643866643330616431633038376235323634366462
64383235653261633464306236626462383664636230386130393165346438353639663136363437
31363863353434323235373161316139623765666536666236306136373635643530633533366535
35663162653532663133613236356639633361306239653761373235363761663265393061383233
30373037363736333166323035626230666264303337643636643566343161353138333564376336
64336539363563346363326238303034636633666239363761366336343039313361336235343334
30653139323937346564613332326261386533356630316136373633613036343336623833386265
64333066633763396538666632336361333165356162353662626138343562376266343663333763
30346266623965333734643863353537313034383932353261636539633462383563656565333861
62323436323438306336383636626335333132636131633438316266613837346533303738623337
62613030663861386236326338336363323738386330633737626661323364373863386664326430
65393131663765326130346234343936343830643465303362646666323065323161646431336261
37396234323439313466363930613731643266643933636162323737356132663932386563613733
66336237363637633363393464656634623236333738316233396239656532623237303530653666
33663431353430356163653463383565323265343832393035313337303631616333626163643235
36343763356166396662356634353937663962343534666131343732383639386166396535313330
65393932666161343032623237326132326538376434303264353838396164663332303739643039
64643930666433323038363164626236323133303534383265633130366238623261613134666366
39326461393038316336613130343836306333346236623032306162343163393530623830666430
62373435616637666430303338323634373063666264373061663032613461653261633862346637
31383461636130303839326231643663333364613130616636396437333132613539313335396233
61633761623335663035363436326533306633323834323630313766623139303033636635363161
31303734613038626239633634663266663961336333303934666239373835363930313230336666
66376538633738333532663630333361626661356636306165336131653534393237326632386462
66643231396162356431336632313136646165393239663866646264383436623336303164646135
61323962373464343232333139316437343733663832623866353764633263303666333863303639
63363262353332373937643531396463623735353761643831326239353232323830383235656336
34653735653636396237383731323038393336353361646536633731313238363438396235376463
37346566663935393233636665383436393963383936346135656230653535613366653062646432
63383464643035363866323761376438633934393930623435356430333263396634353934663261
66326633643237626134393231643863313637326466663530636332366437616264343132623631
35353361326165303739323666396566623962323666643133346430656236646237303331343732
32393166316237623230636665383833616234643138656230643034386236343561363862623432
61623635313632393261376163666233353334656564363230616364646534376334366239313733
35633562613062636639353833616230613031333737346564363962633435663634623631313865
32616334373930613364643133383766663361663538643431373630613334383337666165623063
66663636326331653463376634643037333966636631643562326237346362623863376165633037
30663863383837336130376439333039313262303939646233393230643031643961393836326139
65366532633361326664613965366264613830303063363439616435613663313230656131313636
36663933653766333131343565306136326664373534353262633362363364616536376239346537
38616334373161303032343539396531333763393531366533303232333165343663383265626535
39626465373032666334363361643931626332356364366466626539616362383437336263623366
61633736626662383634316435363234323932613435346638316663646238343063363532346261
34313236343631663736323233643561376563376537306235666639653366366236336136326430
39303138656231666335333561633238323561376431326366386637306230646533636537313739
65323739373461353130666238643937643135393965326630376237346166353366633833383165
34656536373639376635313737383136613931666634376234353437373538303038616136323430
32313762636135306565633935336435336237613837663662353162353865616638653833663939
33353937333734653466646661333136643131623531326538643834393262376136396566613661
35633832333437363635613437323937613436363763343562613533623337346263343466626164
34303664333663666139346339343164366236393834333830636636303138323035313665663466
39313433333264316639363534313661623433613338666263346434303033363932656365346339
34386236623839373734366262366133366663343436653836626163633662386163623539383832
38303461343733653763376636336233323062336365353835643961383838616332346562353564
38313137383863356365386333386634663163663737633338316565643562393561323463646161
61396330303463303238336637636266303864396161363562333962636237636361306432636633
62353734613831346134303132633633363435373530306464313731353338343064613138356561
33303932656366616461333565643962613562613430643834663135383861353239666539313933
39346532653731343838613736616366303836333833633732633437656461303138336261646635
62653062323330666461336662633463333239323163663731376239346464653830326237336235
32336165313937346337346164336461366562393634633064373939636264666430393139383035
30656364306461653734316663626538353538633166613930626562346562323434366431333036
64346163376134343137663131663165656539353632663138343736623935663165363065353439
34346434656338363235666361626634366635313635346133623938353432386362643435313264
37383964626238383436383534613363396263306561306565383731306665396239383766633163
35323136303863383938623434626632343838663235623763353666316365623837326438386631
36366663616262636434356237373237613030353566393233316263616635396330333862383932
62333839373366363361646238396266646664323761653264626339613463323030383865343430
32386238323934663434363961373263353337613865626264646532663031326535386635306330
66643865353338323031626539336534383561613863373266343232313139383639636330333231
62633562633632353364663466363761613666383062383562316337393039383261656232313762
63373936363333623236363333306435306133616463366134346166643832643864666534333163
61353064383938313339326437356236646361343638376435383432656564316362303162633665
33326361663263646366333134393437313364616330376262363237336136363863666433333835
37346465613331313037346666386431616637363962366135666361353537333130303863316333
33653533663562396634616133386462656533396535643238363037663464366663663166333165
33306433633363663038623139643364643766333961396363663434643936373936376534353639
37646562663931346336343139353462363462353737393130373032396461346637343637626433
63666337313239626539333664386463313764373831663064333930373464636439613861613030
38653166626563306238303066313931303336383538346230366233663936353231323436326231
30643536396634626434343934663062616332333537613561396637363533666564343438616265
37313762396365656630393435313765353463363438393930343436393735646265353261383965
65316633656237643562663535343130336435316530623338343138643835323565393232393838
63313138666337623861353532353263366131633937366633346463353739393736346462666430
61356166613932396133386366653266316339303863633131623636316134356233353762646266
61626663333461393937643564643738303936616631353337643630623237653732303431656339
34653131383033313535656330343263396537333561396666316263633861333330346162653830
37373535306530343532356634316261316133326263343761336231306363646638376663646239
33623832373031633435383238396363383031383135336331626466366330313164306434393937
35326530633266373835386462323364313264383537613933613762323735653136353032643163
65633537376465353963326639616336613066393630633565323564373963383134616632373031
63643230643463373331636431623836376564656166323366323461376432663263313933363764
38393562363864346637663362376138323461636335353166343430376330373664633063313261
65646333343930366537353332383132626138363137343362626331643531306237343437353561
34343832373132643334353462393865333762386334376432343961643861376338623063373261
63363864353431646366626331666337616666386339333662306534326433653238356331323466
63633161323633663864366139613435393637653237666134383266323037626434663437393431
37306334643530303861353039346337323437643132326131336330303063323662376534643531
36363339623435313931663636383531376364623866653031336438616136356231663333333231
65373064333566623930633365663265373730313062393665656162343338393062623339643361
37633265636236653734333137653437616461613365306661613837303338343664376136663039
66626539623266376530323537303436313964626561323862393436666265643965336463363561
39306566336461656137383265316435333339333032396439336462326437353563623635663563
37346631303936643233643539666634356636316434393163656231666233616531653834303434
33323861653736303434343433623832373965353738636334336465376465346533373265663837
63396634386535313738666535393238393437366363366265396561623761346531666636353037
33323461393633353361633162633265643466633934363338353861303463313366643462363033
36383964663761346163666333643937393833343763653233313039663462396366323233646130
32363961396337616461303030633266366436383836623763343038396538356330353065636465
38396263396234616561313764393263336235373561326164643135316238306364643866613265
61646563373966343162633062616434343666376461393864303961356564626238636536356263
36393734393735616431633631653430346263356465333636643363663035393064646165396339
64393032623063633932653933393130356339653733313765663137353838353363393264303939
31666665363436333036353534613334373763336534653236383536386237653437643033333336
39343631313165313430393636643766323735623736613565343039643131373864393466383339
31326538343833356639353833633937643933613634656235643361373539666232343766383635
37383962636330346533303135393833656365376638353735323431656630343636636261326164
39666431356432623938623934356137306365313136646662306162313864313837666137613030
32346132656534363162313236396161616639323837363734333532343863346661623231656265
61353432623364346565643961346532333336373761316133663633353863376437353032633934
31643839383631663837393465386533353339313132616632613439313465386139643263663764
38613364343437626563353533633966313637393063666666616361386162646237326636386434
37336230303265653737656233326131373562313832303262616231663261343536363130376633
63333230663938323664363366306532313636626234623138396463373663303432333963323433
30636134653739643564336130383037656437383136666363313134656239363063306430386662
37393934643765306630663734313937656666653566316362666265333963356562646361373561
61613934353730366366353439333436643331386134663035653135633236333861623266303262
65346239623161313037623532323566383735356563356262363639616332393265396365356237
36326437346432313163323336666332393764343561666165393135646433333262346534313861
31303037613963303734316334633166333363346638343265373533353337323666393230363730
39663939356538663236366335326162653531613935646330613237363531343032316538626666
39303139663938386563363135303436326230363964303030633638613033333065643336396461
39646338636464623963336334616461316663663030303761373963653462383035353237636162
33383666613531633861383432333338373032633636396366643564363036656532343538383230
64316437643836633263393364393338646432656531306564336430323733613563303138666634
65396563623065613762656364643636346336386366663538356331326664373132363235363263
61383632626433656339303333323962626638303662623666313931646666323636653933663935
36393133303338353761313032306463393264626133303562346164326137356264323236396330
65386332333738313732316336393761643565356138393662363462366237666131363133383964
37636531666566333736306330396263333530326636396461653533376362663163633332633234
34303438663733333765346232303838373438626634386338323462313530363634666565336635
36383166613863623837346134636135636464393962616362666339626166626465393533313531
66663032363830666437393266343738373535616162396134633766643939616130323137366563
34343935623432616366333966373334653966623365343237376432343737366433653266383266
36346264303363643932373637376462653137636139373937356662626363653330643137306663
63373931613131353433343939636534626330376265336266623732383562313663306366643766
61643838396231376333333262643937383737356235373530636135383631313762366464623838
38656632633761383836373039306461313665313064363138323763383466396631613635333634
31353264633133393535626138306339653865623937373830643262333935663465323634343464
61326139626338616166666466383539626131633332323237313061326366303530363732653332
38653461353664663266366133373938323564643737643932653463323364343762613033373832
62633034326461636565643631616436323935313566373166346462336437323834663338656430
61313862393062336636303131663865646563356130303764373433626432643566376634373130
62643463613431626535363966663965393137616566386136396132306639343435373566616336
32363466373862373338383836616465343863323366336630323366366136343937626266656133
61333861393365376365653361633365353661663461323434636632666465623466353333356538
66383935323634653363616665343136393037346334373463646435663764306330663731616430
64373462663034336531366662336337646262666261333936373463313862356531393838336264
62353761653064623339393262363463666530323537643136643864393432386139633736343561
36373638363666343265653038363036313962376334353734623063383862363331663166356532
33316334333363633565346465386637306239366131613437326235323966656435323230643266
38633363303635393136663561623036633061303763313164636235306462353138643863643738
63343633643864376138663036363536633835636639623336633539356138343164626330356439
63333938343134333831393566616461303663646133326661626663323632323238343762336663
66646639333565623065346333303834386238633437393462353836363838653539393062643438
39366163353662656234643831356136336366316331613763346639653530323361656537373134
37306333343133336231386535343761633232353030616331613364393937623866653065356262
37653239666531633364303936323966333031633536643732323636326131646637373237303832
62366337356238313330653439633165636265643932623234383537343463643633373930373861
65623663643637303635633733663165393961633833353330313436366464383132373966343736
34616464366331333732663630613033303037336662643766363932396335663537373934393632
36326266643137303961373435396435653765333032356163326439343666393739373962623966
37383434666635393964613638343236303761636337613566353234383236633331613632626662
61396164666630396636666262613464643733306561623863396664643339643631313233353364
38633336666164636235653863656564326363666263653762393836353863633363333465633731
35303765626464346661303039363530356437373031343464323139323865353830326165303438
64633066313739396361343362313530333466643933646361396362356635343366646136353063
38623433393738353838633764396265363434656363616265373735323466336139633166393662
35323333363830346230343462666639343865333336303136353566333435613961656563396339
65363836366632316662303130316437643139663166363761633136393135323766323136333733
30653562376138636232613963623037353636363839353265343633666433653137313538623365
32653263653533366536633338366236643466323465343664653236623631373135346438633337
32623430366635316632396362636631336361623138353132326664363363363864383333626230
36346333323838393330353235393838393637393934346339306138356330333939393566393031
39366635316432656431326131376561626436333632636630323863633966633765333633643463
64653164373136313839636231623933656539343333333137393266386434396130396638323633
61306630643765363635666534353766373665303764366635366530323133303630373138663062
65356163383566386232636132646230323230353637663464623539303563303461633337356262
33366666303066316533323165623764646431353763356630396233623462346430366638646564
30653561376632656239646165313630376538626133303938373935383262636230326361663638
63353164646136663532653164353263656330363036306335396139646162323662656364353338
39393661653561643764666136373665323536376337616663363865383737393065366138343266
34373134373032333735666432636337663335333537396639623961313039666438333239363030
62623637643730323539663136363731303137353464313363333836613066303736326665333331
37663462653232666161393337353139306439373162353631383632663133373430633930346361
35376238363463633165663839393264366364646362336638353633616635306233383065616435
32323334316431643933373230663866663532396234323538303934343463343131396364366539
65633432343135323561666138633135666636636434646564666534656163393231343762363831
36306438366465653135343930313732626562313462386636656332313064316233323433383537
31633437623565613439303337656564353066643061623734346161376366393462663232396539
38306238633833313431636363616335366265366163366462656365633264346234656636646662
66316661313762393736366632373139313133626636363566353437393132393030393565316636
30383730646438646434623762616162316234383833663331363038333436346336373330353764
38343434316662313934326336353765356564313262613537623034363363313338346633353836
35303434363733653463366264663632303833383338653865323636646161376237373630636566
39666231353632333132323436323834636438356136306561313364346634386537366234626332
35613333376136336634663630303935663739353632343063643933346539306164383631643638
36393932646235633633613665376262393731376433386161363037353962646531663731396265
32306430306436353266333133383838353937643937356630613231316166386537343732613535
65313361343639626133653762666366353939343832333863633734373630326135373762303261
32326162616539613233373037643138343034613163366438373765653933323763326561313865
30356665656134343062656362643933653166626435333532373735636264343136626336326636
37366639303264316431663666636338636537373538366432643538656362383736613364633966
66333662376430386563313936366364373663656364343261333735613139323966653831363135
35356535643563343937373463633435613638303239656338663363323061343839626364346230
65373366663030616232313664616564323639656230336335656664303634306634626331646564
66346433333136333766323634633965313039636437366661393364333537376464623065316530
32653835626238383636613935366635373361363662363232303839386464383763383862633733
64326464626163653836663563303363343239336432313533633062663366353433393736373363
35393835376431356364613461636136333866346166663639316637656562636534643837653663
32666365393662396561643162323137346132353437653131633165306332623330343665326165
37313739616431353438323535373863383463333135376635343837633865653432646665316566
34396531633333623861363961396666633736353338336664343931306134353737643930383463
35613762323933343265393966393661393934373138313266323632306665363139306164643561
31373332653338353065363038353237326663353539396536663437623631653666326162346362
64636635623139396335633132356365666637343238343438626266623530646232393034393935
61323464363037363863613332366561366331636339636133333264333665396561643434343361
38663263656439636134313432313232663965306263646665323334616437646436346138643036
61393938656130386163323766323562613931303235653664323464373462626164346333353630
37376437663733643537623166313831383336396536613636346535636466623535636633643737
61643735326331643430373663613034363064393937366239303930653233333936323831396131
61333633333963666665346562343139353630333835666536623564656434393138363131373332
35353163323539373133656637356230643230326339363337643738343564613236643261336166
65643161356362363337396139373565633164333762396364303933616663623063333132356135
38616139636534643531313664363234343566613665653239623332343236353564306630656130
32636532323032333965326664366239323634366337656333633461353634323663366665376366
32336634333234343831626236396639386336343334623333393061623338396664643132343366
66636132303563303233316564346134336666353532323831643934313765343833396639646636
34323037336430633735656636653739306430323163383339333532303363303433383061333361
39383133363239396632616531663136663136666137383332623136353436316464656263653033
65646662323731393963636564363933333363393564646532623233363530653936366461313536
33653730313464303864653363313062306366333366323832636430393039363838643966343230
37666535316332363439396434303162353737633462646162653061636138366232373535636136
63383430636430653035306235643134356539656663663436623262383464356464306462353665
61623437393832663162626230626335373066373732343137393334396364363063656432313436
66303166366336616536636130356537616438363561623064363563663033666161383431336437
65376564316330323263333263303764373235373937393961323037623862663866323466346466
61346537333933643266346139353832323333643762653234346139376437643862343033316365
39646135353964343664346138323139393736646166373566653165656162386332666164333064
62303465623431306433366636313662633431373134646638343439306137626532313138366462
63663038613163373930616235663833306561376537343964346235326262326532303332333266
33646437326333653965633638656363636634373439636536346265666636333139353737653963
64383331343264663035623965386362346236616362336537396330313765633763373937306432
30363762613036336161663236366532366332343431323862303431623730353130623936636130
30666438333366336431633364633765396333393761303266393038383266353930643263336463
32346264353332646334333566326539653536306335333064613839623333663765303531663933
37303538343332396538326263326135663665636232393936663930383531666232666230613338
33666234633139376331303239303663336665643163393661333534616333336232343565613564
65306230666136366536646666353363303435646434623432666264366638663063396161373838
37366231623039666231326231323464383931366630616465653432303665306632373864316336
62303138303139373065623738616137393035303037643136623061343065643536353366326664
34623630623535323038353436343264616462626564636561336435626632323133393532376165
38326334306466373364623062666539326435336564346362356537383364326231663834346238
64633939636434613233623535396664306331353130326330366566626336396361313831633564
33353737633561623533613462376333366132343162336166666235356361333935626662363437
66373638386339626636616666646436343961633833323062306231313366343435323731653763
64383739333265633832656138383036373461613364643330383662663164363331326666313638
62333662626264316637356131333663303562306366376266316135303030643265326666306333
32363836303362666331323637633839316335326431626332393330393666303830303934663835
33336665313661343237343539323365313061613461333833363539643132393337643461373230
35313039613835336261323937333064343963656234653330383264393335323935623039336432
35393539616238336361633862383433656439643930323530666663633531323830626138613230
36353165613732333463313738653466636531626462653737613437623165633931393463326262
32356231376362636464343530656439663338663537326538326632656664363665336362323336
36656635373363303561376465613033396666363834316233626538343262393639313261666165
31626330623164363365616232333636653137393433643235343236323939626239356364643632
33643036393066653237363063393261336335666235383339363335313564336262333837333431
65333234373334303538613562386365373764306665326263343338363061623664616637393065
39633537383036353431336332356365626337393534643838383735303930386266313261356162
63363735616531313835356336663237373334356531643532323130313333663566396631393138
33336236626438633162633032343162643062626463386337383730383962396364363432643065
64623837343462643061633466386534316461383034376431306464323132343961333433386563
38303736356362376531326130343061643939343738323533346430663436616332353663326134
37353634333034376336313436646265306266376137346364653362383666356334646231346132
39346161343766613534333433366337653930633537343738656532636632336637303032656163
35303663313036373335383030393932626533316531343736613530303463636633353532373163
33376634656566306333323161663138356332623263616339353538373762323232306538646338
36356438646230616334373838616366623733373931666139303531633563323166636565656364
30376532643433616637613061623438323262386263326338616535653261616438363263663763
31633436346432306535306666636238356331633263636438323736373437633633613930313031
66383437616631666661383464616137353531353634393832626130393434396432363965633136
35343136626563383830366563333432663833316463353461343436383935393235613561663935
64313636326235363064396235626138393463376336396438376463613262323739643633356239
37653964636332323635313834373364343365656264326339643533343037393831626131336466
39663366323261366663373930663136623363366263653935376133383530366332316466343763
36353838623837383836333333616565346162623166316361346237306263353966643861353062
64316464356332643239613736316666386463656462373533623636383438356465306563633631
66333432646235333638306663343463646636356264643964656465623234343364633239323838
38623936363666356138313539383234386639303437653234326535303062333862323732663164
61663239353536313866636435623733613534316538633331343339633538356136373561346439
37386263303964616332393830636464393964323534633935633835373436333330393165343661
34343833303731336666623565383838393164333232363239353038393564363464313032303238
38303832636666363562346261363637353265623436623962326163393162383264393066376432
35396361386437343332343039616636633330363834376135626462303334656562666562613761
32393230386234613365653638333030653762666439643865363431643834643631303832613934
6335
